0
21
36
0
24
45
21
22
18
22
23
36
22
29
90
23
2
42
23
27
81
24
25
27
25
3
45
25
55
90
3
28
67
26
7
50
55
26
40
55
56
50
26
6
67
56
6
70
56
50
48
6
49
47
49
50
62
49
48
62
50
28
92
48
47
72
47
51
41
47
46
112
51
52
45
51
45
85
52
53
47
53
54
60
20
54
115
45
19
50
45
44
65
44
46
50
44
43
194
46
33
113
5
33
50
33
32
45
1
28
54
27
31
115
1
27
65
28
27
50
29
30
45
30
4
50
30
31
100
31
32
70
32
34
158
34
35
97
34
8
20
35
36
70
35
9
50
36
10
70
36
38
90
36
59
80
59
43
80
11
59
20
38
13
20
38
14
20
38
39
45
39
12
67
39
40
55
40
15 
20
40
16
20
40
57
20
11 
58
15
12
58
15
58
42
68
57
41
47
41
17
5
41
37
65
37
42
120
42
43
90
42
18
60